Alabama STATE

Aldrich, 317 

Anniston, 614, 623, 3417, 6025 
Athens, 534 
Auburn, 66, 5758 
Bay Minnette, 400 
Beloit, 4853 

Birmingham, 249, 307, 319, 614, 727, 728, 
729, 730, 731, 732, 733, 734, 735, 786, 

1314, 1350, 1563, 1726, 2062, 2616, 2942, 
3033, 3107, 3121, 3237, 3337, 4149, 4151, 
4247, 4666, 4788, 4900, 5059, 5068, 5316, 
5429, 5506, 5554, 5947, 6252, 6349, 6351, 
6424,6487 
Brewton, 2870 
Brundidge, 13 
Calhoun, 1337 
Champman, 3 
Decatur, 1555, 2710, 5558 
Demopolis, 1563 
Dothan, 5522, 6250 
Epes, 5718 
Florence, 5374, 6311 
Gainesville, 3843 
Georgiana, 5806 
Hayneville, 5112 

Huntsville, 69, 309, 761, 1373, 1377, 1898, 
2110, 2647, 2871, 3009, 3010, 3011, 3117, 
3124, 3308, 4547, 4548, 4549, 4550, 4559, 
4560, 5347, 5597, 6344 
Kempsville, 2105 
Ladonia, 3612 

Mobile, 62, 738, 1627, 2719, 3138, 3181, 3876, 
3877, 3878, 3879, 3880, 3881, 4117, 4298, 
4915 

Montgomery, 83, 310, 311, 313, 314, 315, 316, 
318, 357, 600, 1258, 1259, 1283, 1672, 

2189, 2252, 2857, 2864, 2872, 2940, 3305, 
3893, 3895, 3896, 3897, 3898, 3899, 4360, 
4880, 4946, 5111, 5112, 5500, 5501, 5636, 
5637, 5880, 6221, 6337, 6345 
Normal, 303, 305, 3086, 4459 
Opelika, 4779 
Patton Junction, 4746 


Selma, 616, 774, 1286, 3095, 3858, 5314, 5315, 
5317, 5318, 5319, 5496, 5604, 5696, 5697 
Snow Hill, 773 

Talladega, 477, 1846, 1967, 2148, 2558, 3154, 
3566, 3947, 3948, 3988, 4120, 4569, 4609, 
4672, 4904, 5106, 5355, 5520, 5695, 5770, 
5771, 5772, 5773, 5774, 5775, 5776, 5777, 
6229 
Troy, 233 

Tunnel Springs, 2105 

Tuscaloosa, 306, 308, 4373, 5316, 5659, 5794, 
5856,5964, 5965 
Tuscumbia, 425 
Tuskegee Army Airfield, 2842 
Tuskegee, 312, 453, 1163, 1260, 1287, 1368, 
1375, 1455, 1486, 1494, 3758, 3901, 4087, 
4096, 4157, 4168, 4169, 4200, 4613, 4979, 
5192, 5339, 5509, 5563, 5919, 5966, 5967, 
5968, 5969, 5970, 5971, 5972, 5973, 5974, 
5975, 5976, 5977, 5978, 6139, 6154, 6160, 
6557 

Union Springs, 6028 
Uniontown, 6031 
University, 813 
Wetumpka, 5502 
Wheeler Dam, 6277 
Wilson Dam, 5979 
Yazoo City, 2647 


Alaska STATE

Anchorage, 324, 446, 4479 


Arizona STATE

Fort Huachuca, 1243, 1247, 1257 
Mesa, 4843 

Phoenix, 59, 484, 485, 486, 488, 696, 2682, 
3851,6038 
Tucson, 487, 3679 


Arkansas STATE

El Dorado, 6294 
Forrest City, 2445, 2927 


Fort Smith, 476 
Helena, 3178, 3424, 5103 
Hot Springs, 1598, 2943 
Jacksonville, 5510 

Little Rock, 412, 489, 491, 493, 494, 495, 496, 
497, 498, 499, 500, 501, 622, 1801, 3606, 
3932, 4714, 5497, 5510, 5644, 5987, 6494 
North Little Rock, 5380 
Pine Bluff, 291, 490, 4835, 4836 
Rosston, 1362 
Smackover, 4587, 5421 
Stella, 6246 

California STATE

Albany, 1050 
Alhambra, 3085 
Alta Loma, 2434 
Anaheim, 1890, 5350 
Bakersfield, 590, 1679 

Berkeley, 12, 64, 211, 212, 260, 390, 503, 593, 
641, 692, 956, 970, 1048, 1372, 1720, 2028, 
3090, 3189, 3225, 3226, 3320, 3371, 3918, 
4546, 4708, 5177, 5462, 5645, 6008, 6528, 
6530, 6479 

Beverly Hills, 2246, 5050, 5452, 6032, 6036 

Burbank, 6115 

Campbell, 6360 

Canoga Park, 833 

Claremont, 4572 

Compton, 120, 959, 1776, 3783 

Corona, 5493 

Corte Madera, 1004 

Culver City, 5385 

Cupertino, 5582 

Danville, 2316 

Davis, 848 

East Palo Alto, 2556 

El Centro, 129 

El Cerrito, 2597 

Elsinore, 1590 

Encino, 3840, 4084 

Fremont, 1001 

Fresno, 1338, 2684, 3341, 6323 
Glendale, 745 

Hayward, 4265 
Hemet, 4837 

Hollywood, 879, 1184, 1185, 1462,4099, 

5151.5452, 5768 

Inglewood, 2319, 2413, 2883, 3623, 3625, 
4570, 6079 
Jamul, 1167 
Kaweah, 3907 
Lake Forest, 947 

Long Beach, 1143, 1796, 1996, 2375, 3435, 
5859 

Los Angeles, 60, 76, 122, 139, 141, 174, 216, 
225, 351, 353, 449, 469, 513, 523, 661, 673, 
674, 678, 710, 772, 789, 802, 814, 856, 893, 
969, 978, 1016, 1066, 1081, 1097, 1098, 
1128,1148,1214,1313,1325,1327, 1340, 
1341, 1342,1440,1472, 1640, 1653, 1654, 
1764, 1777, 1856, 1897, 1937, 2103, 2106, 
2180, 2193, 2227, 2233, 2236, 2248, 2257, 
2265, 2346, 2376, 2386, 2387,2479, 2526, 
2528, 2530,2587, 2592,2675,2688,2755, 
2791, 2839, 2843,2880, 2888, 2899, 2930, 
3029,3056, 3116, 3133, 3134, 3177, 3195, 
3425, 3444, 3448,3456, 3495, 3498, 3514, 
3614, 3624,3625,3626, 3627, 3628, 3629, 
3630, 3631, 3673, 3689, 3756, 3759, 3809, 
3825, 3905, 3951, 3979, 4007, 4046, 4052, 
4063, 4064,4075, 4085, 4230, 4307, 4350, 
4448,4452,4511,4512, 4688,4689,4738, 
4829, 4848, 4856, 4857,5051,5116, 5245, 
5252, 5269,5285,5333,5343,5378,5385, 

5393.5433.5452, 5458,5462, 5467, 5473, 
5486, 5494, 5540,5544, 5549, 5767, 5583, 
5886, 5903,5920,5924,5952, 5963, 5995, 
6006,6044, 6169,6224, 6317, 6318, 6320, 
6324, 6347, 6379,6384,6387, 6391, 6392, 
6395,6400,6409,6538 

Marina del Rey, 39, 833, 906 
Menlo Park, 5039, 5055 
Milbrae, 5720, 5721 
Modesto, 2892, 4573 
Mountain View, 5307 
Newark, 3228 
Newbury Park, 3324, 5158 
North Highlands, 2019 
North Hollywood, 816, 1054, 5139 
Northridge, 922, 5005 
Oakland, 20, 573, 639, 693, 785, 787, 852, 
932,957,1003,1020,1261,1464,1568, 
1578,2115,2312,2381,2442,2873, 3023, 
3055, 3644, 3679,4041,4437,4541, 4543, 
4544,4545, 4704, 4809, 4923, 5097, 5136, 
5145, 5227, 5264,5624,5750, 6049, 6381, 
6396, 6527 
Oceanside, 1059 
Pacoima, 4691, 5838 
Palo Alto, 389, 1050 
Pasadena, 2139, 4801, 6076, 6094, 6390 
Pleasant Hill, 4687 
Redlands, 1680 
Redondo Beach, 2081 
Riverside, 1074, 2648, 3440, 4109 


Sacramento, 2451, 3122, 3502, 4627, 5188, 
5200 

San Bernardino, 4901, 5221 
San Diego, 1326, 1339, 1442, 2718, 4138, 
5222,5223, 6002 

San Francisco, 119, 187, 210, 755, 812, 821, 
853, 916, 918, 957, 974, 1124, 1156, 1178, 
1188,1343, 1952, 2001, 2183, 2261, 2275, 
2467,2477,2479, 2617, 2699, 3008, 3293, 
3407, 3415, 3427, 3430, 3447, 3553, 3599, 
3645, 3850, 3937, 4067, 4213, 4251, 4507, 
4686, 4693, 4763, 4855, 4899, 5082, 5224, 
5225,5226, 5228, 5229, 5722, 6123, 6382, 
6396, 6397, 6406 
San Jose, 1833, 2452, 4819, 5353 
San Pablo, 2679, 5230 
San Pedro, 228 
Santa Ana, 4643 

Santa Barbara, 387, 1064, 1117, 2184 

Santa Clara, 906 

Santa Cruz, 2753, 5681 

Sherman Oaks, 1184 

Stanford, 1315, 1880 

Stockton, 4959 

Studio City, 3060 

Sun Valley, 768, 862, 887, 912, 1000, 1007, 
1039 

Susanville, 4694 
Temple City, 6145 
Tujunga, 6040 
Vallejo, 3958 

Van Nuys, 2130, 3840, 4126 
Venice, 2615, 5029 
Walnut Creek, 5133 
Wheeler Springs, 6415, 6444 
Winnetka, 923 
Winton, 1474 
Woodland, 1295 

Colorado STATE

Aurora, 6119 
Boulder, 6009 

Colorado Springs, 1649, 6388 
Denver, 276, 277, 282, 433, 800, 1670, 1993, 
1994, 1995, 3001, 4277, 4283, 4568, 5030, 
5590,5647, 6019 

Connecticut STATE

Bridgeport, 215, 1192, 2793 
Carlino, 3746, 5418 
Danbury, 869 
Derby, 5075, 5169 
Greenwich, 3299 

Hartford, 1788, 1789, 2833, 2834, 3123, 4243, 
4257, 4469, 4482, 5599,6101 
Middletown, 1459, 2276, 3200 
New Haven, 9, 40, 961, 1179, 1787, 1847, 
1878,1915,2083,2693,3515,3722,3828, 
4256, 4521, 4626, 4720, 5093, 5162, 5674 
Norwalk, 3354 
Old Greenwich, 2614 


Stamford, 6100, 6122 

Storrs, 1725 

West Hartford, 4723 

Delaware STATE

Dover, 4666 

New Castle, 1969, 3080, 4474 

Wilmington, 84, 505, 1203, 1382, 1968, 1970, 
1971, 1972, 1974, 1975, 2416, 2529, 2542, 
2965,3883, 4466, 4793, 5552, 6050, 6168 

District of Columbia STATE

Washington, 7, 11,21, 26, 28, 48, 58, 105, 117, 
138, 142, 148, 152, 163, 169, 171, 178, 179, 
184, 195, 202, 242, 256, 261, 267, 288, 295, 
343, 367, 372, 385, 391, 403, 430, 443, 444, 
448, 481, 482, 504, 506, 507, 524, 525, 528, 
554, 564, 579, 595, 601, 604, 606, 627, 650, 
651, 708, 715, 717, 726, 736, 739, 740, 759, 
763, 769, 793, 798, 815, 826, 830, 831, 837, 
850, 872, 895, 926, 927, 933, 942, 968, 

1008, 1011, 1067, 1079, 1080, 1102, 1107, 
1115,1183,1193, 1228, 1254, 1262, 1281, 
1294,1303,1305, 1318, 1320, 1328, 1385, 
1386,1389,1393, 1397, 1403, 1446, 1451, 
1453,1457, 1487, 1492, 1493, 1507, 1549, 
1597,1612,1613,1617, 1659, 1660, 1673, 
1702,1703,1717, 1722, 1723, 1731, 1733, 
1737, 1760, 1761, 1767, 1785, 1786, 1807, 
1822,1844,1848, 1866, 1869, 1936, 1951, 
1960, 1979, 1981, 1984, 1989, 1991, 1997, 
2038,2040,2048, 2056, 2064, 2066, 2067, 
2069, 2077, 2079, 2093, 2098, 2099, 2125, 
2128,2138, 2150, 2152, 2153, 2157, 2164, 
2165, 2194, 2206, 2207, 2218, 2229, 2244, 
2251, 2267, 2270, 2272, 2280, 2296, 2299, 
2301,2303,2305,2311, 2330, 2338, 2349, 
2377,2382, 2414, 2415, 2431, 2441, 2449, 
2450, 2453, 2464, 2466, 2468, 2473, 2497, 
2498,2500,2521, 2598, 2623, 2629, 2630, 
2640,2659, 2660, 2664, 2666, 2667, 2668, 
2681,2685, 2707, 2722, 2778, 2780, 2782, 
2790,2850, 2851, 2865, 2889, 2896, 2901, 
2915, 2929, 2936, 2955, 2956, 2957, 2958, 
2959,2960,2961,2962, 2963, 2964, 2966, 
2967,2968,2969, 2970, 2971, 2972, 2973, 
2974,2975,2976, 2977, 2978, 2979, 2980, 
2981,2982, 2983, 2990, 2991, 2996, 2997, 
2998,3002, 3003, 3013, 3027, 3035, 3039, 
3067,3068, 3124, 3173, 3191, 3193, 3196, 
3206, 3211, 3224, 3267, 3289, 3317, 3323, 
3335,3338,3339, 3343, 3346, 3347, 3348, 
3351,3352, 3353, 3354, 3358, 3375, 3376, 
3409,3410, 3452, 3464, 3483, 3487, 3490, 
3496,3500, 3503, 3504, 3505, 3535, 3543, 
3547,3548, 3555, 3574, 3579, 3590, 3668, 
3672, 3675, 3682, 3688, 3698, 3706, 3717, 
3733,3734,3737,3767, 3854, 3882, 3885, 
3891,3943,3950, 3964, 3968, 3989, 4012, 
4017, 4018, 4020, 4021, 4038, 4047, 4053, 
4054, 4055, 4061, 4062, 4066, 4070, 4072, 

4078, 4081, 4089, 4096, 4103, 4107, 4110, 
4111, 4121, 4122, 4125, 4128, 4129, 4142, 
4172, 4173, 4180, 4181, 4184, 4199, 4214, 
4219, 4223, 4226, 4228, 4240, 4249, 4271, 
4276, 4288, 4303, 4337, 4338, 4349, 4366, 
4374, 4375, 4376, 4377, 4378, 4406, 4411, 
4422, 4431, 4461, 4481, 4494, 4504, 4561, 
4563, 4566, 4576, 4603, 4607, 4618, 4630, 
4632, 4634, 4644, 4648, 4662, 4684, 4710, 
4713, 4735, 4777, 4796, 4804, 4812, 4820, 
4827, 4861, 4864, 4867, 4876, 4906, 4924, 
4928, 4929, 4930, 4933, 4937, 4940, 4941, 
4945, 4953, 4962, 4963, 4964, 4972, 4982, 
4999, 5001, 5043, 5052, 5065, 5074, 5076, 
5099, 5100, 5102, 5122, 5127, 5138, 5190, 
5201, 5246, 5249, 5250, 5265, 5266, 5272, 
5277, 5286, 5300, 5322, 5361, 5387, 5391, 
5399, 5404, 5407, 5435, 5442, 5450, 5459, 
5466, 5561, 5575, 5576, 5606, 5607, 5658, 
5668, 5678, 5688, 5689, 5690, 5702, 5705, 
5744, 5757, 5785, 5786, 5801, 5844, 5865, 
5892, 5902, 5908, 5909, 5910, 5911, 5912, 
5943, 5997, 6042, 6055, 6060, 6063, 6064, 
6065, 6072, 6073, 6086, 6111, 6118, 6124, 
6153, 6161, 6164, 6196, 6199, 6220, 6265, 
6283, 6284, 6285, 6286, 6287, 6288, 6289, 
6290, 6292, 6293, 6295, 6296, 6297, 6298, 
6300, 6301, 6302, 6304, 6305, 6306, 6307, 
6308, 6309, 6315, 6338, 6414, 6450, 6464, 
6466, 6468, 6472, 6482, 6516, 6521, 6529, 
6555 

Florida STATE

Aventura, 4517 
Clearwater, 6004 
Coral Gables, 5171 
Coral Springs, 1223 

Daytona Beach, 30, 80, 93, 373, 643, 646, 647, 
702, 1230, 1417, 1622, 1762, 1808, 1950, 
2298, 3965, 4379, 4865, 4971, 5455, 5905, 
6201 

Daytona, 1949 

Eatonville, 1819, 2127, 3012, 3549, 3552 
Fernandina, 4351 

Fort Lauderdale, 204, 807, 1223, 2737, 6403 
Fort Myers, 1772 
Fort Pierce, 1572, 2390 
Gainesville, 1101, 1299, 1570, 2400, 2566, 
2567,3360,5173, 5354 
Greensboro, 5895 
Greenwood, 5700 
Hallandale, 5084 
Hollywood, 3077 
Hosford, 1133 

Jacksonville, 1277, 1573, 1916, 2168, 2169, 
2170, 2389, 2392, 2399, 2400, 2403, 2406, 
3212, 3255, 3256, 3565, 3856, 4166, 4492, 
4787, 5854, 5855, 5933 
Key West, 8 
Fake City, 4656 
Fauderhill, 5085 


Fongwood, 775 

Maitland, 2127 

Miami Beach, 1823, 6046 

Miami, 356, 925, 1207, 1333, 1408, 1409, 

1414, 1644, 1894, 1895, 2051, 2391, 2393, 
2394, 2395, 2396, 2397, 2410, 2439, 2520, 
2594, 2730, 2734, 2736, 2747, 2749, 2928, 
3089, 3165, 3465, 3507, 3540, 3596, 3597, 
3598, 3790, 3791, 3792, 4380, 4381, 4409, 
4439, 4517, 4654, 4667, 4712, 4805, 5084, 
5163, 5368, 5641, 5677, 5800, 5840, 6066, 
6131,6525 

North Miami Beach, 3283 
Ocala, 3665, 6547 
Opa Focka, 3790 

Orlando, 127, 275, 784, 849, 1469, 2088, 2404, 
2405, 2635, 3238, 4653, 5747 
Pensacola, 1681, 2400, 4771, 6435 
Petersburg, 471, 472 
Pompano Beach, 1223 
Port St. Fucie, 2388 
Riviera Beach, 454 
Sarasota, 1263, 3985, 4233 
St. Augustine, 2255, 2374, 3465, 3596, 3597, 
5166, 5205 

St. Petersburg, 1299, 2612, 3194, 3952 
Tallahassee, 15, 1276, 1388, 1579, 1657, 1832, 
1854, 2314, 2318, 2540, 2735,4382, 4997, 
5117, 5591, 5980, 6316, 6346, 6488 
Tampa, 2401, 2402, 2589, 4367, 4730, 5778, 
5779, 6334 

West Palm Beach, 2398, 3690, 4701, 6310 
Wewahitchka, 4832 
Winter Park, 795, 2223 
Woodville, 6478 

Georgia STATE

Albany, 146, 326, 327, 3406, 5698 
Americus, 3439, 6222 
Athens, 535, 536, 3445, 3475, 4165, 4455, 
4706, 4811,6459, 6554 
Atlanta, 34, 68, 103, 104, 186, 205, 358, 363, 
371, 380, 392, 394, 435, 508, 531, 533, 537, 
538, 539, 540, 541, 542, 543, 546, 548, 549, 
550, 551, 552, 553, 558, 559, 642, 752, 797, 
805, 809, 833, 859, 924, 1013, 1119, 1139, 
1232, 1282, 1366, 1379, 1435, 1436, 1456, 
1478, 1508, 1614, 1624, 1625, 1626, 1628, 
1638, 1665, 1692, 1755, 1792, 1815, 1849, 
1870, 1882, 1883, 1909, 2021, 2047, 2070, 
2078, 2171, 2205, 2220, 2221, 2320, 2334, 
2352, 2417, 2454, 2463, 2470, 2501, 2603, 
2604, 2606, 2607, 2608, 2621, 2649, 2697, 
2890, 3041, 3063, 3084, 3147, 3150, 3151, 
3153, 3155, 3175, 3182, 3199, 3230, 3231, 
3321, 3339, 3349, 3455, 3522, 3692, 3694, 
3695, 3723, 3724, 3754, 3757, 3810, 3904, 
3911, 3913, 3914, 3915, 3916, 3917, 3927, 
3928, 3929, 3930, 3933, 3944, 4036, 4103, 
4131, 4252, 4293, 4363, 4383, 4384, 4385, 
4442, 4460, 4513, 4611, 4680, 4715, 4781, 
4782, 4803, 4821,4826, 4925, 4949, 4957, 


4958, 4985, 4987, 4996, 5000, 5048, 5058, 
5099, 5121, 5130, 5137, 5202, 5231, 5244, 
5257, 5267, 5268, 5282, 5283, 5320, 5409, 
5427, 5428, 5451, 5456, 5482, 5495, 5507, 
5517, 5523, 5535, 5566, 5571, 5572, 5587, 
5602, 5603, 5623, 5651, 5691, 5694, 5728, 
5746, 5758, 5782, 5839, 5908, 5948, 6077, 
6157, 6158, 6176, 6188, 6197, 6203, 6237, 
6251, 6253, 6339, 6470, 6545, 6562 
Augusta, 560, 561, 562, 1674, 2140, 2141, 

2603, 3473, 3643, 3768, 4095, 4697, 4698, 
6343,6352, 6445 
Clayton, 4467 

College Park, 544, 545, 949, 2852, 6326 
Columbus, 1707, 1713, 2315, 5570 
Cordele, 5487 

Decatur, 4605, 4808, 5053, 5081, 5888, 6410, 
6541 

East Point, 1793, 2910, 6096 
Fort Valley, 2447, 2709, 3124, 3562, 4755 
Jackson, 3595 
Kennesaw, 804 

Macon, 1264, 1468, 2603, 2605, 3652, 3653, 
3654, 3655,4187 
Marietta, 6077 
Redan,4425 
Roswell, 547 

Savannah, 1278, 1884, 2347, 2515, 2874, 2926, 
3026, 3458, 5237, 5238, 5239, 5240, 5241, 
5857, 6007 

Stone Mountain, 184, 670, 709 
Thomasville, 5843 
Tucker, 2094, 5758, 5829 
Union City, 544, 545 
Waycross, 2589, 5475, 6321 

Hawaii STATE

Hilo, 296 

Honolulu, 296, 2783, 3004 
Keaau, 296 
Pahoa, 2841 
Pearl City, 296, 3663 

Illinois STATE

Aledo, 1355, 3418,5037 
Bloomington, 6241 
Blue Island, 3523 
Cairo, 1332, 6041 
Calumet City, 5745 
Carbondale, 930, 6000 

Champaign, 334, 1047, 2705, 3053, 4849, 5846 

Chicago Heights, 1539, 5481 

Chicago, 37, 38, 74, 98, 108, 114, 115, 159, 

192, 196, 198, 208, 214, 223, 245, 289, 294, 
298, 338, 346, 348, 349, 352, 406, 407, 414, 
417, 473, 565, 571, 572, 585, 589, 644, 680, 
706, 778, 779, 799, 820, 829, 841, 843, 846, 
872, 881, 892, 898, 901, 904, 920, 930, 931, 
975, 1017, 1021, 1056, 1069, 1089, 1090, 
1091, 1093, 1096, 1103, 1114, 1158, 1186, 
1195, 1205, 1210, 1212, 1213, 1241, 1265, 

1287, 1329, 1336, 1428, 1429,1444,1445, 
1449, 1454, 1465, 1489, 1503,1513,1514, 
1515, 1516, 1517, 1518, 1519, 1520,1521, 
1522, 1523, 1524,1525, 1526, 1528, 1529, 
1530, 1531, 1532, 1533, 1534,1535, 1536, 
1537, 1540, 1541,1542, 1543,1544,1545, 
1546, 1550, 1557, 1560, 1595, 1596, 1687, 
1730, 1732, 1751, 1752, 1754, 1798, 1820, 
1824, 1826, 1858, 1875, 1901,1911, 2040, 
2053,2054, 2065,2092, 2102, 2104,2129, 
2135, 2145, 2162,2167, 2175, 2188, 2204, 
2215, 2234,2242, 2263,2285,2322, 2337, 
2351, 2372, 2378, 2409, 2429, 2471, 2496, 
2511, 2513, 2514,2548, 2557, 2582, 2639, 
2642, 2645, 2646, 2654, 2657, 2683, 2711, 
2728, 2750, 2751, 2772, 2826, 2848, 2861, 
2862, 2905, 2909,2937, 3000,3006, 3019, 
3032, 3048, 3050,3082, 3092,3108,3111, 
3136, 3148, 3183, 3197, 3213, 3234, 3261, 
3290,3297,3298,3340,3370,3377,3428, 
3481, 3556, 3559,3601, 3602, 3603, 3608, 
3611, 3651, 3661, 3662, 3678, 3681, 3697, 
3699, 3785,3786,3802, 3837, 3841, 3910, 
3941,3976,3983,4023, 4024, 4059, 4073, 
4079, 4080, 4092, 4140, 4141,4182, 4193, 
4196,4266,4267, 4273, 4300,4302, 4348, 
4352, 4353, 4357,4361, 4365, 4369, 4372, 
4386,4387, 4402,4426, 4446, 4450, 4453, 
4487, 4574, 4633, 4650, 4661, 4682, 4739, 
4742,4797,4854,4881, 4905, 4911, 4922, 
4933, 4936, 4947, 4952, 4961, 4980, 4981, 
4989, 5063,5079,5091, 5108, 5175, 5251, 
5276,5296,5324,5370, 5376, 5377, 5390, 
5397, 5400, 5401, 5416, 5431, 5449, 5474, 
5476, 5477,5478,5479, 5483, 5541, 5626, 
5657,5679,5742,5764, 5780, 5783, 5784, 
5830,5867,5868,5875,5879, 5901, 5930, 
5940,5953,5959,5960,5994,6022, 6092, 
6095, 6114,6120, 6134, 6194, 6202, 6203, 
6204, 6230,6244,6254, 6327, 6367, 6407, 
6446, 6457, 6463, 6473, 6474, 6475, 6558, 
6560 

Cicero, 3945 
Danville, 1060 
Decatur, 199 
Des Plaines, 6262 
East Moline, 1729 

East St. Louis, 1885, 1932, 3887, 5592 
Edwardsville, 2084 
Elgin, 3738 

Evanston, 237, 1584, 4472 

Evergreen Park, 2673 

Galesburg, 482, 1310 

Gilman, 2562, 3501 

Harvey, 1538, 2863, 5440, 5479 

Hennepin, 2598 

Highland Park, 5089 

Hopkins Park, 4759 

Joliet, 5649 

Kankakee, 4955 

Lake Forest, 982 

Lisle, 41 

Marion, 976 


Marseilles, 5191 
Matteson, 23 
Maywood, 298 
Metropolis, 3777, 3778 
Mount Morris, 6476 
Mt. Carroll, 1357,5125 
Normal, 3368, 4537, 4633 
Northbrook, 1191, 3940 
Oak Park, 1547 
Palatine, 1963 

Peoria, 984, 1204, 1206, 2455, 6205 
Quincy, 3049 
Richton Park, 3302 
River Forest, 4016 
Rock Island, 1100 
Rockford, 960, 1886, 4790, 6195 
Schaumburg, 4882 
South Holland, 1527, 3875, 5480 
Springfield, 88, 903, 2455, 3046, 3047, 3051, 
3052, 4163, 4983, 5580,5600,5601, 5631, 
6242 

Urbana, 221, 222, 231, 269, 278, 983, 2082, 
4504 

Waukegan, 280, 4473 
Wilmette, 1134 

Indiana STATE

Anderson, 5371 

Bloomington, 557, 790, 2136, 3314, 4986, 6259 

Corydon,1358, 6502 

Cynthiana, 4339 

East Chicago, 1602, 2116, 2456 

Evansville, 395, 4671 

Fort Wayne, 2549 

Gary, 1734, 2583, 2584, 2585, 3112, 3227 
Indianapolis, 246, 456, 556, 565, 575, 855, 

878, 1307, 1566, 1721, 2195, 2198, 2522, 
2527, 2565, 2932, 3097, 3098, 3099, 3100, 
3101, 3102, 3103, 3104, 3110, 3310, 3357, 
3856, 4043, 4069, 5305, 5309, 6121, 6219, 
6262,6495, 6550 
Logansport, 1697 
Marion, 1430, 1756 
Merrillville, 748, 1104 
Mitchell, 5598 
Muncie, 3957 
New Albany, 6353 
New Garden, 4965 
Notre Dame, 2591 
Princeton, 3588 
Richmond, 5142 
South Bend, 2045, 5469 
Terre Haute, 132, 3978 
Vincennes, 4167 
Wadesville, 1351, 1360,5124 
West Lafayette, 156, 321, 818, 3166, 4505, 

4886,5949 

Iowa STATE

Buxton, 1311 
Cedar Rapids, 3980 


Corning, 1671 
Davenport, 5334 

Des Moines, 996, 1738, 2000, 3181, 3218, 
3219,3220, 3237, 6329, 6394 
Dubuque, 4692 
Iowa City, 2289, 5072 
Sioux City, 5402 
Waterloo, 1964, 6313, 6314 

Kansas STATE

Atchison, 532, 6398 
Baxter Springs, 5491 
Bogue, 4429 
Cherokee, 3394 

Coffeyville, 234, 396, 1651, 3385, 6174 
Emporia, 2197, 3044 
Fort Leavenworth, 4364 
Fort Riley, 1505 

Fort Scott, 1682, 2307, 3760, 5491 
Hutchinson, 3017, 3018 
Independence, 4783 

Kansas City, 404, 1906, 1934, 2545, 3386, 
3392,3397,3807,4102,4602, 4604, 4649, 
4651,4851, 5716, 6383,6501 
Lawrence, 1694, 2438, 2784, 2908, 3315, 6398 
Leavenworth, 1694, 3492, 3493 
Lone Star, 1253 

Nicodemus, 4427, 4428, 4429, 6386 
North Topeka, 687 
Parsons, 2287, 3847,4731 
Peru, 2524 

Pittsburg, 257, 4844, 6074 
Salina, 257, 1086, 5215 
Sedan, 2524 
Stockton, 6389 

Topeka, 404, 1683, 1690, 1912, 2253, 2879, 
3385,3395,3399, 3400, 3607, 4116, 4785, 
4851,5635, 5864, 5882, 5884, 5885, 6333, 
6385 

Weir City, 6359 
Wellington, 1505, 4552 
Wichita, 428, 1684, 3393, 3396, 3398, 3804, 
4051, 4100,4194, 4355, 4783, 4785, 6418, 
6419, 6420, 6421,6422, 6423 

Kentucky STATE

Berea, 4622 

Bowling Green, 2111 

Covington, 5741 

Fort Knox, 3436, 5564, 5893 

Frankfort, 1135, 3414, 4933 

Lexington, 1352, 2095, 3327, 3519, 5505 

Lincoln Ridge, 3575 

Louisville, 55, 401, 482, 811, 981, 1002, 1255, 
1266,1299,1900,1962, 2675, 2700, 3412, 
3413, 3433, 3446, 3550, 3638, 3639, 3640, 
3845, 3853, 4579, 5514, 5516, 5523 
Mammouth Cave, 3680 
Morganfield, 4716 
Owensboro, 3811 
Paducah, 3560, 3572 

RusselviUe, 3434 
Sebree, 5292 
Shelbyville, 42 
Washington, 5254 

Louisiana STATE

Alexandria, 332, 4762 
Baker, 1753, 3508 

Baton Rouge, 213, 290, 297, 381, 608, 632, 
633, 634, 635, 838, 842, 1164, 1293, 1352, 
1743, 1759, 1861, 2109, 2159, 2200, 2208, 
2294, 2340, 2418, 2676, 2690, 2916, 3028, 
3038, 3114, 3459, 3499, 3591, 3633, 3634, 

3635, 4416, 4420, 4528, 4553, 4608, 4859, 
4909, 4975, 4976, 5263, 5284, 5313, 5340, 
5345, 5392, 5432, 5438, 5503, 5521, 5525, 
5526, 5527, 5528, 5529, 5530, 5531, 5532, 
5537, 5670, 5682, 5706, 5707, 5708, 5711, 
5729, 6060, 6067, 6192, 6335, 6471, 6480 

DeRidder, 2931 
Ferriday, 2333 
Fort Parapet, 1078 
Gibsland, 1652 

Grambling, 56, 366, 368, 1618, 1744, 1998, 
1999, 2173, 2412, 2539, 2636, 2671, 2672, 
2680, 2708, 2985, 3326, 3332, 3345, 3381, 
3592, 4358, 4866, 4877, 4903, 4912, 4974, 
5253, 5280, 5567, 5569, 6068 
Gretna, 609, 1605 
Houma, 2632 
Krotz Springs, 3518 

Lafayette, 1688, 1862, 1863, 2644, 3460, 5159 
Lake Charles, 3463 

Monroe, 2483, 3888, 3889, 3890, 5492 
New Orleans, 4, 25, 94, 125, 251, 377, 427, 
437, 438, 439, 440, 510, 760, 808, 899, 936, 
950, 989, 992, 997, 1025, 1116, 1301, 1367, 
1427, 1431, 1458, 1548, 1627, 1637, 1739, 
1851, 1864, 1865, 1866, 1871, 1887, 1909, 
1938, 2003, 2031, 2032, 2033, 2034, 2035, 
2036, 2037, 2050, 2085, 2247, 2335, 2485, 
2643, 2912, 2934, 3152, 3353, 3491, 3544, 

3636, 3637, 3730, 3846, 4088, 4108, 4192, 
4208, 4210, 4279, 4280, 4281, 4284, 4285, 
4286, 4342, 4388, 4432, 4445, 4518, 4597, 
4729, 4850, 5109, 5110, 5119, 5272, 5336, 
5518, 5523, 5545, 5565, 5586, 5669, 5704, 
5709, 5727, 5841, 5852, 5992, 6023, 6235, 
6256, 6342, 6348, 6503, 6505, 6506, 6507, 
6508, 6509, 6510, 6511, 6512, 6513 

Plaquemine, 2472, 4278 
Scotlandville, 1293 

Shreveport, 2304, 2571, 3257, 3258, 5325, 
5382, 5383, 5735, 5736, 5737, 5738, 5739, 
5740, 5932, 6228 
St. Martinville, 2142 
St. Rose, 3313 
Thibodaux, 3461 
Vidalia, 1780 
Winnfield, 4178 


Maine STATE

Brunswick, 96 
Hallowell, 96, 3541 
Lewiston, 2580 

Maryland STATE

Adelphi, 599, 2564 
Annapolis, 3704, 4152 
Baltimore, 49, 118, 128, 229, 230, 250, 252, 
253, 405, 426, 596, 597, 598, 667, 753, 795, 
951,967, 993, 1006, 1127, 1159, 1352, 

1580, 1619, 1735, 1821, 1872, 1873, 1940, 
1977, 2112, 2120, 2166, 2407, 2457, 2543, 
2598, 2638, 2670, 3078, 3305, 3306, 3307, 
3319, 3322, 3344, 3384, 3494, 3567, 3701, 
3702, 3709, 3720, 3772, 3779, 3782, 3920, 
3921, 3922, 3923, 3924, 3925, 3926, 3946, 
3966, 4000, 4014, 4103, 4152, 4562, 5018, 
5087, 5134, 5174, 5405, 5573, 5584, 5609, 
6117,6129, 6233,6283, 6561 
Bowie, 1658 

Capital Plaza, 5446, 5447 
Capitol Heights, 2946 
College Park, 182, 263, 839, 4015 
Columbia, 986, 3264, 5949 
Fruitland, 4942 
Hagerstown, 3755 

Hyattsville, 75, 111, 835, 1110, 2745, 3336, 
3955, 4641,4642,4921,6135 
Indianhead, 5874 
Landover, 4209, 4921 
Lanham, 5944 
Maryland, 756, 5031,5914 
Princess Anne, 3542, 3691, 3705 
Riderwood, 2941 
Riverdale, 5388 
Rockville, 507, 988, 5577 
Salisbury, 3062 
Seat Pleasant, 3411 

Silver Spring, 1151, 1403, 1406, 2748, 5837 
Spring Dale, 5195 
Temple Hills, 2538, 2696, 3703 
Upper Marlboro, 157, 4921, 5078 

Massachusetts STATE

Amherst, 140, 180, 1811, 2071, 3176, 4761 
Boston, 36, 44, 219, 222, 331, 398, 638, 801, 
876, 1112, 1136, 1168, 1169, 1170, 1171, 
1172, 1174, 1399, 1599, 1664, 1677, 1959, 
2192, 2201, 2290, 2291, 2488, 2491, 2499, 
2712, 2741, 2844, 2992, 3145, 3335, 3366, 
3516, 3524, 3537, 3751, 3903, 3906, 3963, 
4124, 4242, 4248, 4475, 4520, 4624, 4757, 
4824, 4834, 5140, 5155, 5234, 5310, 5680, 
5733, 5939, 6088, 6099, 6438, 6462, 6556 
Brockton, 2731 
Brookline, 5781 

Cambridge, 742, 979, 1235, 1485, 1829, 2025, 
2086, 2835, 2836, 2837, 2838, 4410, 4536, 
5019, 5066, 5131, 5178, 5444, 5850 


Dorchester, 33, 640, 4520 
Haverhill, 6413 
Northampton, 4305, 6552 
Plymouth, 4732 
Randolph, 1082 

Roxbury, 640, 1837, 3961, 4481, 5064 
Springfield, 1084, 1176, 2100, 2283, 2834, 
5216 

Sudbury, 5126 
Waltham, 3230, 3677 
Wellesley, 1029, 1083, 1111, 1641 
Williamstown, 4707, 6439 
Worcester, 3342, 4410 

Michigan STATE

Ann Arbor, 194, 254, 452, 963, 1024, 1220, 
1300, 1778, 1834, 2339, 4828, 5389, 5425, 
5426, 5671,6057, 6261,6291 
Battle Creek, 2647, 6206 
Benton Harbor, 6128 
Bitely, 5934 

Detroit, 85, 137, 335, 470, 578, 705, 746, 757, 
864, 972,996, 1026, 1061, 1107, 1109, 
1199, 1200, 1237, 1447, 1710, 1716, 1750, 
1805, 1841, 1928, 2005, 2006, 2007, 2008, 
2009, 2010, 2011, 2012, 2013, 2014, 2015, 
2016, 2017, 2156, 2177, 2187, 2308, 2411, 
2550, 2569, 2572, 2611, 2846, 3057, 3140, 
3269, 3359, 3420, 3442, 3696, 3795, 4025, 
4071, 4224, 4270, 4345, 4405, 4413, 4514, 
4542, 4556, 4683, 4726, 4852, 4863, 4907, 
4990, 5020, 5185, 5242, 5293, 5341, 5386, 
5557, 5559, 5896, 5906, 5916, 6133, 6156, 
6458 

East Lansing, 135, 172, 1574, 5639 
Ecorse, 5802 
Flint, 1850, 3316, 6207 
Garden City, 5579 
Grand Rapids, 150, 244, 2677 
Grosse Pointe Woods, 660 
Highland Park, 2072, 3093, 3796 
Houghton Lake, 5934 
Jackson, 1125, 3217 
Kalkaska, 5934 

Lansing, 1866, 2004, 3775, 3794, 5038, 5745 

Lathrop Village, 3797, 5730 

Luzerne, 5934 

Munith, 1942 

Oak Park, 4287 

Pontiac, 4869 

Rochester Hills, 910 

Rochester, 6010 

Saginaw, 3561, 5203, 5204 

South Haven, 3595 

Tecumseh, 6020 

Ypsilanti, 5198 

Minnesota STATE

Duluth, 3172, 6489 
Edina, 2536 

Minneapolis, 29, 184, 232, 386, 437, 607, 

1904,2336, 2651, 3030, 3229, 3536, 3716, 
3752,3829,3830, 3831, 3832, 3919, 4039, 
4202,4215,4430,4497, 4499, 4500, 4502, 
4966,5342,5618,5861, 5895, 5982, 5984, 
5986,5988, 5989, 5990, 6489 
Robbinsdale, 5990 

St. Paul, 130, 232, 279, 473, 1197, 1443, 2618, 
2678, 3157, 3158, 3159, 3160, 3161, 3162, 
3164, 3506, 3886, 4039, 4202, 4346, 4497, 
4499, 4500, 4776, 4502, 4966, 5206, 5618, 
5619,5715, 5983, 5984, 5985, 5986, 6489 

Mississippi STATE

Alcorn, 328 

Bay St. Louis, 3074, 5605 
Belzoni, 4677 
Benton County, 690 
Brandon,2487 
Canton,5588, 6147 
Centerville, 5424 
Clarksdale, 1891 
Crosby, 2443 
Fayetteville, 2323 
Forest, 2781 

Greenville, 1983, 1985, 1986, 1987, 3865, 
3871, 5754, 6240 
Greenwood, 615, 1463 
Gulfport, 3538 
Hattiesburg, 1497, 2993 
Holly Springs, 3870, 5196, 5326 
Holmes County, 3808 
Itta Bena, 360, 1746, 1982, 3061 
Jackson, 5, 369, 519, 1132, 1316, 1371, 1400, 
1450,1467,1491,1639, 1747, 1765, 1874, 
1955,1980,2018, 2080, 2114, 2202, 2419, 
2430,2563,2663, 2665, 2925, 2938, 2989, 
3198, 3240, 3241, 3242, 3243, 3246, 3247, 
3248,3249, 3250, 3251, 3252, 3253, 3361, 
3362,3363,3364, 3374, 3421, 3539, 3545, 
3761,3824,3860,3861, 3862, 3863, 3866, 
3867,4237, 4412, 4468, 4515, 4724, 4736, 
4902,4914, 4960,5006, 5008, 5077, 5161, 
5193,5258,5259,5261, 5271, 5312, 5436, 
5437, 5684, 5687, 5713, 5723, 5877, 6094, 
6151,6249, 6365, 6531 
Lexington, 73 

Lorman, 329, 330, 382, 527, 2689, 3022, 4389, 
5118,6085,6330 
McComb, 2516, 6231 
McHenry, 5279 
Meridian, 1689, 3868 
Mound Bayou, 3934, 5488, 5754, 6208 
Natchez, 1144, 4035 
Oxford, 5457 
Piney Woods, 4840 
Sunflower, 3864 

Tougaloo, 3454, 3869, 5897, 5898, 5899, 5900 
Tupelo, 4951 

University, 222, 264, 3608, 3609, 5088, 6189 
Vaiden,2509 

Vicksburg, 2631, 2886, 3557, 4299, 6165 


West Point, 4798, 6366 
Yazoo City, 241, 1476 


Missouri STATE

?, 1471 

Advance, 5726 
Caruthersville, 445 
Chaffee, 5726 
Charleston, 1500 

Columbia, 201, 278, 322, 1031, 1108, 1705, 
3991,4699, 4938,5180, 6014 
Delta, 5726 
Hannibal, 2923 

Jefferson City, 285, 359, 379, 509, 1267, 1818, 
2785,2882, 2921,3156, 3570, 3573, 3576, 
3583,3585,3586,3589,3803,4800,4910, 
4934,4938, 4950, 5278 
Joplin, 3303 

Kansas City, 618, 952, 1298, 1344, 1402, 1496, 
2042,2317, 2508, 2595, 3208, 3387, 3388, 
3389,3390,3391,3404,3525, 3718, 3872, 
3873,4096, 4436, 4623, 4824, 4825, 4833, 
5017,5160, 5394,5864, 5890,6033,6110 
Landover, 4944 
Liberty, 1253 
Macon, 3872 
Platte City, 1392 
Poplar Bluff, 2058 
Sedalia, 2601, 5302, 5303, 5422 
Sikeston, 5484, 5524 
Springfield, 418 
St. Joseph, 5864 

St. Louis, 190, 300, 336, 409, 595, 618, 953, 
1065,1334,1661,1698, 1718, 1745, 1814, 
1888,1910,2049,2254,2288, 3204, 3268, 
3329,3569, 3855, 4056, 4143, 4269, 4270, 
4786,4879,4967, 5007, 5011, 5610, 5611, 
5612,5613, 5614,5615, 5616, 5665, 5666, 
5717,5760,5797,6061, 6109, 6187, 6405 


Montana STATE

Butte, 4229 
Helena, 1685, 3892 


Nebraska STATE

Lincoln, 2789, 5128, 6209, 6355 
Omaha, 167, 258, 301, 350, 423, 996, 1035, 
2213,2258, 3773, 4246, 4598, 4599, 4600, 
4601,4606, 4617,4948, 6210 


Nevada STATE

Las Vegas, 3024, 3478, 3479 

New Hampshire STATE

Concord, 2878, 2935 
Hanover, 1935 


New Jersey STATE

?, 1057 

Atlantic City, 467, 765, 935, 4933 
Berlin, 1356 
Bordentown, 3223 
Camden, 176, 943, 1354, 6026 
Cape May Courthouse, 2023, 4862 
Chatsworth, 517, 4764 
Cherry Hill, 2163 
Cresskill, 5151, 5153, 5154 
Dover, 1209 

East Orange, 1642, 1748, 4807, 4920 

Edison, 3526 

Fort Dix, 5148 

Fort Lee, 2656 

Fort Wayne, 3600 

Glassboro, 3604 

Glen Ridge, 1394 

Haddonfield, 1359 

Hillside, 181 

Jersey City, 890, 1875, 3287, 4444 
Montclair, 3216, 3285, 5815 
New Brunswick, 529, 1012, 3449, 4098, 5909 
New Lisbon, 4839, 5411 
Newark, 243, 861, 934, 1071, 1085, 1166, 
1477,1867,1978, 2199, 2512, 2694, 2832, 
2945,3284,3735, 3900, 4216, 4259, 4260, 
4261,4262,4263,4264,4335, 4424, 4440, 
4620,6051, 6069 
Orange, 2786 

Paramus, 698, 866, 1180, 3020, 3378, 5049, 
5629, 5866, 5954, 6483 
Paterson, 3527, 4470, 4485 
Piscataway, 1076, 3139, 3726 
Plainfield, 511,1607, 5578, 6211, 6536 
Pomona, 795 
Princeton, 1600 

River Edge, 1, 866, 2462, 3020, 5049, 5954 

Roselle, 4481 

Saddle Brook, 6497 

Saddle River, 3471 

Sicklerville, 748 

Somerset, 2469 

Teaneck, 1791 

Trenton, 980, 2345, 4532, 5329, 6142, 6279 

Vauxhall, 2907 

Wayne, 6003 

West Orange, 776 

Westfield, 1839 

New Mexico STATE

Albuquerque, 3935, 4268, 5057, 5543 

Hobbs, 4860 

Las Cruces, 2787, 6011 

New York STATE

Albany, 50, 325, 938, 3497, 4312, 4331, 4476, 
4486,5869, 6047, 6070 
Amherst, 24 
Amityville, 2420 

Baldwin, 1130, 2408 
Baldwinsville, 4503 
Binghamton, 4419, 5792 
Bronx, 339, 402, 725, 857, 921, 1407, 1655, 
2122, 2155, 2918, 3981, 4640, 4678, 4916, 
5150,5357 

Brooklyn, 52, 61, 63, 70, 71, 133, 224, 227, 

286, 465, 586, 617, 652, 697, 718, 720, 723, 
939, 965, 1062, 1063, 1088, 1112, 1126, 
1215, 1216, 1218, 1219, 1274, 1319, 1411, 
1413, 1415, 1418, 1552, 1585, 1609, 1800, 
1908, 2027, 2087, 2146, 2179, 2214, 2243, 
2259, 2331, 2421, 2446, 2458, 2495, 2534, 
2555, 2662, 2669, 2725, 2732, 2733, 2742, 
2743, 2746, 2827, 2854, 2891, 3069, 3083, 
3292, 3462, 3732, 3762, 4118, 4217, 4218, 
4224, 4317, 4325, 4330, 4392, 4509, 4530, 
4638, 4639, 4670, 4709, 4775, 4806, 4858, 
5123, 5176, 5301, 5308, 5406, 5430, 5593, 
5836, 5851, 6166, 6243, 6358, 6401 
Buffalo, 24, 272, 555, 744, 940, 1244, 1246, 
1248, 1250, 1484, 2196, 2341, 2911, 3201, 
6149,6451 

Cambria Heights, 603, 962 
Camden, 2902 
Cherry Plain, 3296 
Cherry Plains, 5628 
College Point, 3205 
Corona, 2212, 2740, 4318 
Crompord, 6375 
East Bronx, 5381 

East Elmhurst, 2637, 3764, 5719, 6364 
East White Plains, 1275, 2739 
Elmira, 2779 
Fishers Landing, 4484 
Flushing, 3236, 4334, 5186 
Fredonia, 4556 
Fresh Meadows, 4334 
Great Neck, 5581 
Harlem Heights, 4449 
Harlem, 688, 1055, 1466, 2811, 2824, 2948, 
3149, 3939, 4198, 4224, 4931, 5073. See also 
New York City 
Hartsdale, 3254 
Hastings on Hudson, 6157 
Hempstead, 2151, 2866, 2867, 3617, 4326, 
4619 

Hewlett, 4870 
Hollis, 2706, 5675 
Hudson, 6377 
Inwood Station, 5032 
Irvington, 3286 
Ithaca, 304, 512, 3486, 6319 
Jamaica, 209, 703, 1217, 1556, 3195, 3262, 
3517, 3521, 3618, 3619, 4037, 4183, 4334, 
4480, 4510, 6340, 6356 
Laurelton, 5553 
Long Island City, 711 
Long Island, 3616 

Lynbrook, 770, 3210, 3294, 5151, 5408 
Manhattanville Station, 4875 
Melville, 5113 


Monticello, 4533 
Moriches, 2893 

Mount Vernon, 911, 1668, 6378 
Mt. Kisco, 666 
Mt. Vernon, 514 
Napanoch, 2123 
New Rochelle, 3431, 5731 
New York, 6, 22, 27, 28, 31, 47, 51, 53, 54, 67, 
79, 86, 87, 89, 100, 101, 102, 106, 107, 109, 
116, 144, 147, 149, 153, 154, 156, 158, 160, 
166, 168, 170, 173, 175, 177, 193, 197, 207, 
236, 240, 247, 268, 271, 284, 299, 320, 337, 
345, 354, 383, 384, 388, 397, 399, 408, 410, 
413, 415, 420, 422, 424, 429, 431, 432, 436, 
450, 455, 458, 460, 462, 463, 468, 478, 480, 
502, 515, 520, 581, 582, 584, 592, 594, 610, 
612, 624, 628, 649, 662, 663, 671, 679, 681, 
683, 686, 699, 701, 704, 707, 714, 741, 743, 
749, 750, 758, 762, 770, 771, 777, 788, 794, 
796, 817, 819, 821, 823, 824, 827, 832, 834, 
836, 845, 851, 858, 863, 865, 867, 868, 870, 
871, 873, 875, 883, 889, 894, 896, 900, 907, 
908, 913, 915, 937, 938, 944, 945, 958, 987, 
990, 994, 998, 1005, 1014, 1015, 1018, 
1023, 1030, 1038, 1040, 1041, 1042, 1044, 
1045, 1058, 1070, 1080, 1087, 1094, 1099, 
1120, 1121, 1149, 1177, 1182, 1187, 1202, 
1226, 1231, 1233, 1236, 1256, 1268, 1279, 
1288, 1289, 1304, 1306, 1317, 1331, 1353, 
1395, 1396, 1405, 1412, 1416, 1433, 1438, 
1452, 1479, 1481, 1488, 1490, 1506, 1558, 
1566, 1571, 1582, 1587, 1604, 1608, 1611, 
1648, 1650, 1667, 1675, 1677, 1678, 1699, 
1724, 1728, 1751, 1763, 1766, 1771, 1784, 
1790, 1802, 1806, 1809, 1827, 1828, 1835, 
1836, 1843, 1868, 1889, 1892, 1902, 1914, 
1926, 1927, 1931, 1936, 1956, 1957, 1958, 
1976, 1988, 2020, 2041, 2096, 2108, 2118, 
2133, 2147, 2154, 2158, 2161, 2172, 2174, 
2181, 2182, 2192, 2194, 2203, 2219, 2222, 
2224, 2225, 2226, 2228, 2230, 2231, 2239, 
2240, 2249, 2262, 2269, 2282, 2284, 2292, 
2309, 2321, 2328, 2329, 2332, 2342, 2344, 
2370, 2371, 2422, 2423, 2426, 2433, 2492, 
2493, 2503, 2505, 2510, 2517, 2519, 2552, 
2554, 2596, 2609, 2613, 2619, 2620, 2634, 
2652, 2702, 2738, 2754, 2773, 2774, 2795, 
2796, 2797, 2798, 2799, 2800, 2801, 2802, 
2803, 2804, 2805, 2806, 2807, 2808, 2809, 
2810, 2812, 2813, 2814, 2815, 2816, 2817, 
2819, 2820, 2821, 2822, 2823, 2825, 2845, 
2853, 2860, 2881, 2885, 2887, 2904, 2944, 
2986, 2994, 2995, 3007, 3021, 3031, 3034, 
3036, 3042, 3064, 3073, 3079, 3119, 3120, 
3179, 3186, 3190, 3192, 3202, 3204, 3207, 
3209, 3210, 3216, 3232, 3235, 3239, 3275, 
3276, 3294, 3301, 3325, 3358, 3372, 3401, 
3402, 3408, 3438, 3443, 3470, 3484, 3485, 
3489, 3513, 3528, 3529, 3530, 3558, 3578, 
3594, 3615, 3646, 3647, 3650, 3656, 3667, 
3669, 3670, 3671, 3676, 3683, 3684, 3685, 
3686, 3719, 3725, 3731, 3753, 3763, 3765, 


3769, 3780, 3784, 3787, 3789, 3799, 3800, 
3826, 3849, 3859, 3874, 3884, 3960, 3967, 
3984, 3993, 3996, 3997, 3998, 3999, 4001, 
4002, 4008, 4011, 4013, 4040, 4042, 4060, 
4074, 4078, 4083, 4091, 4093, 4104, 4105, 
4106, 4112, 4113, 4114, 4115, 4123, 4130, 
4145, 4146, 4148, 4153, 4154, 4156, 4159, 
4160, 4162, 4164, 4170, 4171, 4176, 4179, 
4186, 4189, 4190, 4191, 4197, 4203, 4205, 
4222, 4225, 4231, 4234, 4236, 4238, 4241, 
4255, 4258, 4272, 4292, 4306, 4309, 4311, 
4313, 4314, 4315, 4316, 4319, 4320, 4321, 
4322, 4323, 4324, 4327, 4328, 4329, 4332, 
4333, 4336, 4354, 4362, 4393, 4394, 4415, 
4421, 4423, 4433, 4434, 4435, 4477, 4483, 
4520, 4522, 4535, 4538, 4540, 4551, 4571, 
4575, 4610, 4612, 4635, 4636, 4646, 4647, 
4652, 4657, 4660, 4663, 4665, 4673, 4679, 
4681, 4685, 4711, 4722, 4725,4727, 4733, 
4734, 4737, 4780, 4799, 4802, 4810, 4823, 
4830, 4847, 4868, 4878, 4885, 4918, 4926, 
4927, 4932, 4935, 4977, 4991, 4995, 5009, 
5010, 5013, 5027, 5028, 5033, 5040, 5056, 
5062, 5067, 5090, 5098, 5101, 5104, 5120, 
5156, 5157, 5164, 5186, 5189, 5211, 5255, 
5256, 5274, 5297, 5298, 5299, 5304, 5348, 
5349, 5369, 5384, 5396, 5403, 5410, 5413, 
5420, 5439, 5443, 5468, 5489, 5551, 5574, 
5583, 5585, 5596, 5608, 5625, 5638, 5650, 
5652, 5653, 5672, 5703, 5712, 5787, 5804, 
5835, 5842, 5845, 5858, 5876, 5881, 5887, 
5904, 5907, 5917, 5913, 5951, 5981, 6008, 
6015, 6018, 6035, 6037, 6039, 6043, 6053, 
6071, 6080, 6082, 6083, 6084, 6093, 6098, 
6102, 6103, 6104, 6105, 6107, 6108, 6127, 
6132, 6140, 6150, 6162, 6170, 6171, 6193, 
6200, 6212, 6236, 6238, 6255, 6257, 6328, 
6363, 6443, 6456, 6461, 6481, 6483, 6484, 
6486, 6492, 6493, 6519, 6520, 6522, 6532, 
6534. See also individual borough place 
names. 

Newburgh, 2999 
Niagara, 847 
Norwich, 6227 
Nyack?, 5213 
Panama, 719 
Queens, 1175,4068 

Rochester, 46, 1736, 2061, 2475, 2476, 2581, 
3087, 4478,5167,5168, 6553 
Roosevelt, 1432, 1758 
Salamanca, 719 
St. Albans, 2628, 4404, 4462 
Staten Island, 5646, 6325 
Stony Brook, 1118 

Syracuse, 255, 1141, 3072, 3839, 5129, 5752 

Thorofare, 3354 

Tioga Center, 5199 

Utica, 459, 1838,2532,6141 

Valley Cottage, 99 

Wawayanda, 653, 1189, 1190 

Westbury, 844 

White Plains, 971, 4615, 6377 

Williamstown, 2902 
Yaphanker, 6526 
Yapshank, 2720 
Yonkers, 885, 6376 

North Carolina STATE

Asheville, 518, 1581, 5512, 5539, 6361 
Belmont, 5327 
Burlington, 3833 
Camden, 2380 

Chapel Hill, 1495, 4407, 5236, 5247, 6058 
Charlotte, 162, 206, 393, 483, 716, 1437, 1501, 
1588, 2701, 2897, 3005, 3277, 3774, 4220, 
4390, 5002, 5003, 5627, 6191, 6341 
Columbia, 685 

Concord, 625, 626, 5275, 5991 
Durham, 886, 999, 1046, 1302, 1370, 1376, 
1424, 1470, 2107, 2113, 2256, 2260, 2900, 
2917, 3180, 3265, 3333, 3382, 3546, 3710, 
3977, 4132, 4133, 4134, 4135,4136,4155, 
4418, 4655, 5344, 5913, 6152,6331,6354, 
6411 

Elizabeth City, 1423, 1774, 5272, 5643 
Fayetteville, 1242, 1482, 2325, 2326, 2327, 
2551,6052 
Forest City, 1421 
Fort Valley, 3124 
Gastonia, 2898 

Greensboro, 16, 17, 18, 19, 179, 374, 637, 675, 
689,1146,1147, 1280, 1378, 1422, 2091, 
2559, 2661, 2913, 2914,2917, 4093, 4106, 
4359, 4391, 4408, 4637, 4674, 4888,4984, 
5035, 5044,5434 
Greenville, 3037, 3648 
Harris, 2829 
High Point, 5918 
Highpoint, 3936 
Littleton, 5941 
Maxton, 3721 
Monroe, 1881, 2029, 2502 
New Bern, 4744, 4778, 4838 
Raleigh, 563, 613, 1425, 1426, 2039, 2043, 
2427, 2436, 2588, 2922, 3124,3942, 4463, 
4464, 4557, 4760, 4998, 5287, 5328,5359, 
5360, 5362, 5363, 5364,5365, 5417,5485, 
6001, 6027, 6485 
Rocky Mountain, 3382 
Salisbury, 361, 659, 754, 1719, 3610, 3982, 
4705, 5538 
Spring Lake, 2052 
Statesville, 3221, 3222, 4831 
Weldon, 4127 
Williston, 6441 

Wilmington, 1483, 4188, 4998, 6442 
Wilson, 5937 

Winston-Salem, 362, 806, 3125, 3144, 3693, 
3835,4344, 5036, 5041, 5538, 5789, 5791, 
6090, 6190, 6447, 6448, 6449, 6498 
Winton, 611 


Ohio STATE

Akron, 1566, 3992, 4581, 5105 
Athens, 235, 1324, 1782, 1783 
Beachwood, 2343 
Broadacre, 3278, 3280 
Canton, 1757 

Cincinnati, 474, 629, 954, 1269, 1312, 1562, 
1591,1592,1593, 1594, 1686, 1691, 2026, 
2241, 2297, 2324, 2444, 2507, 2599, 3571, 
4003, 4022, 4438, 4508, 4578, 4631, 4852, 
4917,5181,5699, 6024,6362, 6524, 6559 
Cleveland, 126, 191, 333, 421, 479, 764, 905, 
955, 966, 1322, 1347, 1348, 1349, 1616, 
1629,1630, 1631,1632, 1633, 1634, 1635, 
1636,1643, 1825, 1909, 1961, 2002, 2073, 
2126,2379, 2480, 2600, 2692, 2939, 3142, 
3174, 3367, 3403, 3451, 3757, 4004, 4058, 
4094, 4275, 4356, 4401, 4580, 4658, 4773, 
4954,5060, 5095, 5114, 5351, 5676, 5710, 
5832, 6021,6163,6175, 6247 
Columbus, 273, 1034, 1480, 1704, 1706, 1708, 
1709, 1711, 1712, 1714, 1740, 1903, 2478, 
2544, 2546, 2553, 2777, 3466, 3467, 3531, 
4207, 4245, 4582, 4584, 4585, 4700, 4968, 
4988,5086,5379, 5761, 5762, 6225, 6412, 
6517 

Dayton, 1907, 1943, 1944, 1945, 1946, 1947, 
1948, 2266, 2610, 3291, 3468, 4239, 4516, 
4577,4919,5045, 5463, 6213, 6537 
Delaware, 3350 
East Cleveland, 750, 2117 
Elyria, 4370 
Fairfield, 4745 
Friendship, 5366 
Hamilton, 1309 
Kent, 1830, 3426, 5996 
Lakewood, 803 
Lima, 3568 
Mansfield, 2723, 3994 
Maple Heights, 2650 
New Lisbon, 457 
Oberlin, 4853 
Otway, 658 
Oxford, 4086 
Pedro, 1954,6159 
Philadephia, 4006 
Portsmouth, 5367 
Rockbridge, 1361, 3613 
Rossville, 1565 
Salem, 457 

Senecaville, 2211, 2713, 2714, 2715 
Steubenville, 4009 

Toledo, 2216, 4554, 4795, 4939, 5870, 5871, 
5872, 5873 
Trotwood, 3512 
Urbana, 3126 
Vandalia, 2101, 3793 

Wilberforce, 65, 113, 364, 780, 1028, 1181, 
1194, 1473, 1695, 1816, 1857, 1893,2143, 
2428, 2440, 2590, 2627, 2695, 3025, 3141, 
3167, 3331, 3450, 3848, 4096, 4161, 4174, 


4395, 4583,4750,5281, 5441, 6017, 6425, 
6426,6427, 6428, 6429, 6430, 6431, 6432, 
6433 

Xenia, 4583, 5831, 6514, 6515 
Yellow Springs, 2535 
Youngstown, 1239, 3666, 5889 
Zanesville, 3969, 3970 

Oklahoma STATE

Ardmore, 574, 619, 4592, 6490 
Bartlesville, 2059 

Boley, 654, 1152, 1153, 1154, 1155, 2691, 6223 
Bookertee, 1162 
Castle, 1434 

Clear View (Indian Territory), 3581 
Clearview, 4741 
Fairview, 5197 

Fallis (Oklahoma Territory), 2313 
Guthrie, 2721, 3457, 4591, 4783, 6357 
Langston, 1583, 3474, 3476, 5548, 6380 
Lawton,3482, 4235 
Mulhall, 3949 

Muskogee, 1154, 1913, 2044, 3687, 3971, 

3972, 3973, 3974, 3975, 4589, 4590, 4841, 
5235,5550, 5788, 6402 
Oklahoma City, 825, 1077, 2716 
Okmulgee, 3309, 4594 
Paden, 4695, 4696 
Stillwater, 1270 
Taft, 4589, 5759 

Tulsa, 668, 4588, 4593, 5356, 5448, 5961, 

5962, 6299 
Wewoka, 6404 
Wynnewood, 6504 

Oregon STATE

Grants Pass, 1157 

Milwaukee, 1929, 2385 

Portland, 95, 451, 991, 2046, 2074, 2624, 

2987,3203,3995,4010,4368,4417, 4495, 
4555,4645,4659, 4872, 4873, 4874, 5414, 
6113,6116, 6260 
Salem, 4539 
Selma, 2004 

Pennsylvania STATE

Allentown, 2353 

Ambler, 2828 

Ardmore, 5092 

Bedford, 393 

Bensalem, 3852, 4754 

Bethlehem, 1799 

Cedar Run, 1245 

Chalfont, 2856 

Chester County, 3582 

Cheyney, 1509, 1510, 1511, 5069 

CoatesviOe, 77 

Cornwell Heights, 3852 

Downington, 2063 

Emmaus, 2858 
Erie, 1238 

Harrisburg, 648, 695, 1211, 2830, 2984, 3838, 
5634 

Indiana, 3600 
Jenkintown, 810 
Lancaster, 482 

Lincoln University, 2068, 3577, 3584, 3587 
Mount Union, 1363 
Nesquehoning, 1245 
Paterson, 3600 

Philadelphia, 121, 165, 183, 189, 203, 265, 
344, 355, 392, 416, 419, 522, 587, 631, 669, 
672, 691, 712, 722, 751, 783, 791, 840, 860, 
877, 919, 946, 1052, 1053, 1092, 1224, 
1225, 1271, 1321, 1364, 1461, 1498, 1559, 
1567, 1569, 1615, 1663, 1666, 1675, 1701, 
1781, 1812, 1852, 1905, 1909, 1937, 1965, 
1973, 2022, 2030, 2060, 2134, 2210, 2273, 
2286, 2310, 2350, 2384, 2533, 2541, 2547, 
2582, 2658, 2698, 2717, 2724, 2726, 2840, 
2847, 2884, 3054, 3070, 3109, 3143, 3146, 
3169, 3260, 3263, 3304, 3310, 3422, 3510, 
3511, 3674, 3708, 3728, 3853, 3956, 4044, 
4077, 4101, 4195, 4212, 4238, 4303, 4441, 
4456, 4471, 4481, 4567, 4614, 4616, 4625, 
4628, 4629, 4740, 4768, 4769, 4813, 4814, 
4815, 4816, 4817, 4818, 5021, 5214, 5270, 
5338, 5445, 5460, 5545, 5640, 5660, 5847, 
5923, 5925, 5926, 5929, 5945, 5993, 6012, 
6078, 6143, 6214, 6312, 6322, 6416, 6465, 
6549 

Pittsburgh, 340, 591, 655, 792, 909, 1032, 
1236, 1775, 3127, 3987, 4289, 4770, 4845, 
4846, 5096, 5375, 5391, 5748, 5848, 6130 
Reading, 3649, 4767 
Reedsville, 1245 
Renovo, 464, 5630 
Schnecksville, 1251 
State College, 2482 
University Park, 1033 
Valley Forge, 2459 
West Chester, 2474 
West Middlesex, 5371 
West Philadelphia, 5927 
Wilcox, 5667 

Rhode Island STATE

Newport, 5915 

Providence, 1831, 2776, 3475, 4244, 4564, 
4969 

South Carolina STATE

Anderson, 2895 
Awendaw, 5743 

Beaufort, 664, 2486, 4103, 4294 
Bennettsville, 4638 
Blythewood, 5248 

Charleston, 239, 576, 577, 657, 1335, 1499, 
1575, 1586, 2484, 3857, 4103, 5471 
Clinton, 3563 


Columbia, 341, 684, 941, 973, 1019, 1037, 
1051, 1068, 1075, 1420, 4702, 4752, 4794, 
5107, 5262, 5470, 5472, 5508, 5796 
Denmark, 5534 
Durane, 5026 
Florence, 1768, 3844, 5862 
Frogmore, 4765 
Georgetown, 2602 
Greenville County, 2424 
Greenville, 2121 
Johns Island, 3642 
Kingstree, 6440 
McClellanville, 5499 
Newberry, 3563 

Orangeburg, 347, 1620, 1621, 1662, 5795 

Rock Hill, 5170, 5594 

Spartanburg, 124 

St. Helena Island, 4766 

Sumter, 1381 

Union, 4794 

Witherbee, 3605 


Tennessee STATE

Bluff City, 5812 
Burns, 3894 

Chattanooga, 466, 1504, 3318, 3380, 3532, 
4221,6477 
Cleveland, 4751 
Colliersville, 1645, 1842 
Counce, 2097 
Greenville, 2598 

Jackson, 259, 1564, 3244, 3472, 3736, 3770 
Jonesborough, 2190 

Knoxville, 566, 1009, 2119, 3437, 4204, 6460 
Loudon, 1898 
Maryville, 3707, 5751 

Memphis, 136, 588, 713, 747, 930, 1145, 1564, 
2687, 3288, 3509, 3749, 3750, 3909, 3938, 
4185, 4396, 4534, 4558, 4774, 4883, 4884, 
5573, 5931, 5950, 6005, 6239, 6417 
Morristown, 3931 
Murfreesboro, 3959 

Nashville, 10, 81, 82, 90, 392, 411, 435, 602, 
620, 700, 724, 930, 931, 1129, 1160, 1198, 
1227, 1272, 1284, 1285, 1390, 1551, 1561, 
1567, 1606, 1623, 1656, 1693, 1795, 1804, 
1899, 1992, 2132, 2300, 2354, 2355, 2356, 
2357, 2358, 2359, 2360, 2361, 2362, 2363, 
2364, 2365, 2366, 2367, 2368, 2369, 2435, 
2465, 2656, 2877, 2933, 3094, 3184, 3328, 
3330, 3356, 3520, 3715, 3740, 3741, 3742, 
3743, 3744, 3745, 3746, 3747, 3748, 3766, 
3788, 3801, 3856, 3990, 4019, 4026, 4027, 
4028, 4029, 4030, 4031, 4032, 4033, 4034, 
4047, 4048, 4049, 4050, 4057, 4065, 4082, 
4211, 4250, 4290, 4295, 4340, 4414, 4454, 
4756, 4822, 5012, 5014, 5015, 5016, 5046, 
5306, 5321, 5497, 5498, 5504, 5519, 5523, 
5546, 5562, 5573, 5724, 5725, 5749, 5799, 
5807, 5809, 5810, 5811, 5834, 5955, 6075, 
6226, 6280, 6469, 6539, 6540, 6542, 6548 
Somerville, 3488, 6368 


Union City, 1898 
Whiteville, 342 

Texas STATE

Arlington, 2131, 2653, 3480 
Austin, 92, 370, 567, 568, 569, 570, 1273, 
1387, 2075, 2268, 2481, 2626, 2686, 2703, 
2727, 2875, 3014, 3015, 3016, 3058, 3088, 
3405, 3621, 4451, 5034, 5042, 5819, 5823, 
5860, 5921,6173,6215, 6332 
Beaumont, 665, 2561, 3106 
Belton, 1502, 2675 
Brazoria, 97 
Camp Wolters, 1252 
College Station, 6048 
Corpus Christi, 1840 
Corsicana, 4586 
Crockett, 3700 

Dallas, 32, 145, 475, 828, 1043, 1161, 1221, 
1398, 1876, 1917, 1918, 1919, 1920, 1921, 
1922, 1923, 1924, 1925, 2185, 2209, 2518, 
2560, 2633, 2794, 2859, 3081, 3115, 3233, 
3379, 3416, 3551, 3580, 3593, 3664, 3776, 
3836, 3842, 4403, 4465, 4669, 4747, 4789, 
4992, 5071, 5272, 5323, 5542, 5595, 5620, 
5820,5863, 6087 
Deniston, 2586 
Denton,5132 
[Fort Sam] Houston, 1383 
Fort Worth, 123, 1208, 1229, 1240, 2124, 
2448, 2868, 2903, 3295, 3365, 3712, 4144, 
5331, 5332, 5335, 5454, 5465, 5589, 5793, 
5814, 5826, 5828, 5894, 6060, 6097, 6136, 
6167,6496 

Galveston, 1610, 1676, 2481, 2523, 2525, 
2573, 2574, 2575, 2576, 2577, 2578, 2579, 
2931, 3132, 5753 
Gonzales, 1797, 5218 
Grand Prairie, 3259, 6045 
Hawkins, 516, 2278, 3168, 3270, 3271, 3272, 
3273, 3274, 4341, 5683, 5692 
Hempstead, 4206, 4717 
Houston, 78, 526, 995, 1049, 1122, 1345, 
1346, 1374, 1439, 1879, 1896, 1919, 1966, 
2302, 2568, 2622, 2704, 2849, 2876, 2949, 
2950, 2951, 2952, 2953, 2954, 3096, 3131, 
3534, 3781, 4175, 4177, 4254, 4506, 4565, 
4596, 4638, 4994, 5337, 5395, 5822, 5824, 
5825, 5956, 5957, 5958, 6054, 6089, 6091, 
6125, 6126, 6137, 6138, 6232, 6234, 6399 
Huntsville, 1150, 4728 
Irving, 721, 1222 
Longview, 4296, 5821 
Lubbock, 5179, 6369 
Manchester, 1242 

Marshall, 737, 4308, 4721, 6434, 6436, 6437 

Missouri City, 5061 

Ottine, 4728 

Pittsburg, 6518 

Port Arthur, 4175 

Prairie View, 72, 378, 605, 636, 1292, 1330, 
1365, 1404, 1813, 1855, 2306, 2425, 2537, 

2855,3105,3163,4717, 4719, 4889, 4890, 
4891, 4892, 4893, 4894, 4895, 4896, 4897, 
4898, 5928, 6172, 6281, 6408 
Richardson, 161 

San Antonio, 2191, 2869, 3216, 4005, 4150, 
4664,4784,5217, 5219, 5220, 5423 
Taylor, 5372 
Terrell, 5461, 5547 
Texarcana, 5816 

Tyler, 375, 376, 1308, 1369, 3620, 5654, 5655, 
5790, 5817, 5818, 5827, 6016 
Waco, 4748, 4749, 6276 
Wortham, 5515 

Utah STATE

Logan, 281 

Salt Lake City, 124, 1195, 1196 

Virginia 

Alexandria, 434, 1010, 1401, 2250, 3065, 

3334, 3771,4518,4519, 4777 
Annandale, 6467 

Arlington, 766, 1123, 2194, 3066, 3834, 4887 

Boydton, 3798 

Cambria, 2494 

Cape Henry, 3564 

Charlottesville, 1352, 5412, 5922 

Chatham, 5004 

Chesapeake, 3739 

Dale City, 134 

Danville, 1930, 2504, 3477 

Ettrick, 1859, 6198 

Fairfax, 888, 3826 

Falls Church, 3334 

Franklin, 2270 

Fredericksburg, 4045, 5701 

Hampton, 292, 293, 630, 700, 1448, 1589, 

1715, 1749, 2235, 2237, 2238, 2570, 2756, 
2757, 2758, 2759, 2760, 2761, 2762, 2763, 
2764, 2765,2766, 2767, 2768, 2769, 2770, 
2771,2894,2919, 2924, 2988, 3045, 3185, 
3195,3300,3355,3383, 3713, 3714, 3912, 
3953, 3962, 4304, 4943, 5047, 5149, 5182, 
5232,5346,5536,5798, 5942, 6182, 6263, 
6544 

Hanover, 2775 
Herndon, 442, 884 
Kenbridge, 4301 

Lawrenceville, 1380, 4913, 5207, 5208, 5209, 
5210,5511,5686,5765, 5853 
Leesburg, 188 
Lorton, 3622 

Lynchburg, 1249, 1845, 2270, 2348, 4189, 6178 
Manassas, 287, 1287 
Midland, 4397 
Midlothian, 151 

Newport News, 274, 4090, 4447, 6263, 6544, 
6546 

Norfolk, 14, 218, 238, 1741, 2270, 2531, 2593, 
3076, 3128, 3187, 3312, 4139, 4458, 4523, 


4524, 4525, 4526, 4527, 5135, 5212, 5555, 
5556,5622, 5936, 6146 
Oakton, 964 

Petersburg, 57, 238, 365, 1696, 2729, 3113, 
3469, 4097, 4347, 4676, 4753, 4933, 4973, 
5070,5115, 5183, 5184, 5260,5311, 5464, 
5642,5803,5935,5938,6180,6181,6183, 
6184,6185,6198,6264,6266,6267, 6268, 
6269 

Portsmouth, 1603, 4457 
Reston, 872, 4015 

Richmond, 676, 677, 1095, 1853, 1939, 2176, 
2641, 2655, 3632, 3729, 4147, 4398, 4595, 
4718, 4792,5080,5141, 5143, 5144, 5146, 
5147,5294,5490,5513, 5533, 5617, 5693, 
5813,6029,6030,6056, 6144, 6155, 6179, 
6186,6217, 6270, 6271, 6272, 6273, 6274 
Roanoke, 1437,2831,5165 
Rock Castle, 682 
Rosslyn, 6551 
Speedwell, 3281 
Spotsylvania, 861 
St. Stephen Church, 3129 
Sterling, 2752 
Suffolk, 6350 
Tidewater, 4090 
Victoria, 4301 
Virginia Beach, 1860 
Williamsburg, 1201, 1773, 3266 
Yorktown, 5330, 5373, 6533 


Vermont STATE

Rutland, 1165 


Washington STATE

Bellevue, 2055 
Bothell, 3040 
Bremerton, 3429 
Pullman, 6393 
Renton,131 

Seattle, 2, 91, 248, 283, 767, 874, 985, 1036, 
1441, 1933, 2271, 2295, 2383, 2460, 3453, 
4253,4399,4491,4493, 4489,4531, 4690, 
4743,4956,4978, 5094, 5233, 5273, 5288, 
5289,5290, 5291, 5415, 5766, 5946, 6218, 
6491 

Spokane, 1601 

Tacoma, 185, 4489, 4490, 4496, 4498, 5755, 
5756, 6062 

Vancouver, 4871, 6148 
Walla Walla, 977 


West Virginia STATE

Bluefield, 1131, 1137, 2625 
Charles Town, 2947, 3279, 5621 
Charleston, 1258, 1666, 1669, 2160, 3902, 
6275,6371,6372 
Elkhorn, 2186 
Farm, 3171,4675 


Harpers Ferry, 4297, 5661, 5662, 5663, 5664, 
6523 

Huntington, 1290, 3170 
Institute, 1291, 1554, 1646, 1647, 1727, 1803, 
1817,2090, 2281, 2674, 2920, 3214, 3827, 
4371, 5632,5633,5648, 5685, 5714, 6370, 
6373,6374, 6500, 6535 
Keystone, 3727 
Kimball, 3423 
Martinsburg, 4842, 6499 
Montgomery, 621 

Morgantown, 1460, 3130, 3533, 5849 

Mount Hope, 2089 

Parkersburg, 3282 

Princeton, 822 

Union, 5187 

Wisconsin STATE

Beloit, 1576, 1577 

Madison, 266, 447, 521, 583, 891, 1022, 1073, 
1391, 1779, 1877, 2076,2232, 3091, 3373, 
3657, 3658, 3659, 3660, 3805, 3954, 3986, 
4400, 4668, 5398, 5732, 5833, 5999, 6013, 


Milwaukee, 200, 645, 656, 1106, 1140, 1512, 
1577,1700,1742,1769,1770,1794,1953, 
2144,2149,2264,2437,2489,2506,2788, 
2792, 3071, 3135, 3137, 3215, 3651, 3711, 
3806,3812,3813,3814, 3815,3816, 3817, 
3818,3819,3820,3821, 3822, 3823, 4158, 
4443,4488, 4501,4529, 4703,4791,5023, 
5054,5152, 5172,5194,5453, 5656, 5734, 
5805,6034, 6112,6282, 6336, 6452, 6453, 

Monona, 5398 

Racine, 143, 4343, 5022, 5024, 5025, 6106 
St. Nazianz, 5243 